144
246
39
148
50
156
84
113
243
209
216
216
58
237
127
56
107
121
217
208
168
131
233
93
234
220
190
85
156
107
246
75
61
105
60
158
91
148
201
62
187
206
10
230
251
94
113
238
165
116
175
9
153
219
139
254
39
44
64
228
243
207
85
238
85
90
41
57
242
200
237
135
13
168
31
66
164
158
221
120
178
208
170
121
35
192
189
13
234
143
55
115
148
121
253
217
232
173
56
100
145
36
203
88
210
216
17
121
228
223
147
226
192
154
43
234
175
110
19
58
33
204
127
170
3
68
251
54
182
102
20
105
126
29
182
115
149
54
180
55
110
180
15
107
216
233
82
207
205
193
226
12
79
209
253
205
238
89
179
127
190
203
74
70
69
64
241
164
166
178
237
120
39
113
229
50
79
98
47
21
126
204
138
244
140
12
169
110
11
102
24
22
237
65
118
125
9
107
236
194
57
91
86
190
244
79
145
48
4
240
184
254
96
77
226
74
14
30
160
45
154
195
98
39
55
17
82
136
228
134
64
30
47
84
150
252
223
157
221
168
25
176
199
192
27
56
38
58
134
181
151
207
128
61
251
57
193
225
243
47
155
114
70
147
220
27
63
236
216
184
47
218
244
7
219
166
28
156
3
20
151
69
228
119
3
199
118
11
4
35
225
136
201
114
123
26
116
195
205
34
206
12
103
167
193
106
101
119
148
32
27
159
20
217
92
26
13
219
52
25
127
165
225
85
235
74
110
238
114
246
49
10
234
88
49
252
47
224
210
225
207
82
178
185
88
209
64
29
168
62
154
248
216
166
159
13
229
89
254
184
175
248
128
171
153
133
224
55
189
161
43
171
195
29
84
254
113
186
144
64
118
105
121
87
157
10
0
194
90
234
171
77
236
102
165
206
187
60
184
193
63
1
107
231
249
134
147
207
85
8
103
27
88
99
120
70
223
135
88
50
11
128
172
111
143
242
69
222
37
137
74
54
234
103
229
234
58
147
83
200
119
105
179
242
34
63
189
184
252
131
79
187
131
211
159
175
209
115
23
69
195
71
181
51
36
160
111
208
8
250
165
159
98
139
6
163
123
131
21
206
69
221
160
241
83
213
125
59
158
90
119
109
19
17
8
51
204
54
144
53
218
246
169
250
45
111
179
91
62
55
89
63
68
239
137
28
4
91
41
95
110
122
237
201
54
254
121
156
213
35
125
126
185
234
17
34
1
36
146
235
19
90
209
166
236
248
158
82
46
205
185
107
68
80
240
6
99
232
73
213
216
8
17
234
4
167
146
54
112
167
141
112
4
9
220
100
228
55
190
136
71
143
106
204
44
125
144
172
237
246
243
11
108
64
20
154
163
127
145
48
95
29
70
12
202
128
9
226
187
1
119
179
134
214
71
16
229
88
235
7
174
50
16
121
124
253
131
104
230
120
171
247
192
48
23
241
29
211
252
112
182
120
136
213
138
70
235
141
129
37
139
109
121
98
131
113
233
58
167
61
205
89
0
63
105
202
41
141
174
131
77
128
139
194
208
183
143
245
155
9
177
229
252
202
131
247
89
215
40
180
40
51
117
73
84
108
172
123
92
122
173
65
33
249
182
229
100
249
239
65
88
120
138
88
96
158
73
184
242
102
158
194
107
50
120
202
126
79
18
45
206
16
1
154
199
242
55
150
1
84
171
126
83
182
122
132
46
157
230
118
222
224
142
177
250
212
244
206
36
230
221
7
46
65
244
76
21
250
108
61
174
176
188
123
101
103
179
123
241
101
250
141
134
14
180
118
174
89
252
33
192
236
165
49
170
147
176
252
55
203
208
100
77
120
246
234
222
66
193
36
62
197
110
112
129
41
120
241
221
200
177
110
134
245
193
172
60
233
149
36
210
141
226
91
57
180
175
15
214
17
26
196
18
153
205
116
189
20
211
127
218
175
76
157
249
86
71
151
126
223
236
212
17
130
102
75
224
222
113
215
218
17
215
133
250
59
130
46
207
126
64
26
108
148
77
197
119
27
89
145
224
0
250
52
246
69
203
246
129
151
123
64
29
137
114
191
43
133
167
19
159
209
235
80
24
114
149
126
101
199
141
118
242
10
94
214
58
229
123
236
198
117
73
156
252
78
29
194
65
115
54
158
44
150
228
198
235
122
177
67
218
35
32
195
130
143
93
70
202
41
64
114
15
197
226
166
26
226
36
224
16
197
201
77
56
145
152
9
142
93
5
53
110
87
62
90
79
34
248
242
233
29
21
207
28
234
192
128
45
157
